# Best Cut with Lowest Conductance
# Nodes: 6814, Edges: 68492, Cut Size: 8758, Conductance: 0.060092
# Node IDs in the best cut:
200
12210
15703
8098
3935
11825
10285
7411
15280
1293
16098
121
8086
20975
20143
5532
11281
13234
17983
15741
17615
4785
4487
2935
15205
20598
15643
705
6563
13706
21934
19025
14403
13962
7622
21990
11512
20357
7358
11014
13855
4059
9477
10019
3018
15885
19443
1734
14806
20946
7315
10495
20026
11003
2456
13661
14603
6255
21153
11802
12502
6990
19924
6838
19932
20740
8298
36
6908
20538
5036
11549
19258
5025
20743
11484
14581
3282
7627
21682
1525
12034
6483
1635
2492
900
14674
3016
1913
13753
21217
9842
21291
19245
20731
6170
7155
17018
14811
12956
18107
12522
6862
7844
5129
9859
7326
11907
7509
4305
15858
7888
11661
554
12128
16271
12002
4171
835
10250
5024
15736
5599
6530
9683
9898
8646
2148
15058
22161
18159
30
16527
2026
9180
10661
18225
4598
9068
10638
5527
16213
14693
21724
20392
7788
20781
7664
4523
22417
1228
19085
10649
19314
16173
10983
8221
19554
6594
2998
19092
56
14952
15936
9585
5892
19366
19896
1339
7841
13536
5560
22101
5682
20714
10498
6108
17776
16921
8013
12234
5978
15692
20723
8133
19630
19486
17231
10824
731
4980
14010
12803
15509
15180
3830
20693
16887
4793
18091
20842
15682
2546
12504
12953
4383
398
8409
13668
7204
20349
13507
6787
22240
16638
3106
8225
15746
17178
4241
10184
12853
9337
851
9940
14532
9370
15278
11070
8055
18129
20600
8353
17316
1418
22391
3054
14490
3948
3842
21148
9287
3445
5221
8181
7132
12475
8527
21820
11239
10488
5768
5531
6276
16061
2283
10066
10990
2878
14353
10409
6096
4018
21996
11957
4452
21000
12235
7608
5828
2877
9685
14194
11059
19319
12816
8500
2856
18754
17464
21392
10748
2950
3628
16345
5744
18939
8736
12679
21346
7562
4133
17209
469
22434
14972
8925
9699
1526
973
6299
5023
13268
11860
7992
2523
4155
16609
9828
133
4076
4565
12188
9630
21747
13830
22243
7604
15527
10870
15623
21541
6578
144
14058
2838
2068
12827
21945
13197
1977
6700
8905
4575
527
10192
17266
4329
22373
3919
16301
6979
13568
7903
9274
2377
21560
6347
11299
389
18913
18388
19850
20363
6687
10818
10711
5782
3793
17055
10616
15846
17154
1450
10963
18704
13906
17450
881
4286
947
6456
18826
12076
20253
18247
7982
14934
19099
17525
10256
1448
2309
17355
20373
16357
11818
2694
129
8552
15532
4816
4936
966
11982
20136
16389
1615
2977
21664
14407
16080
12647
4337
10736
4384
12776
19977
15896
9803
6167
17713
11767
18657
1086
13195
2929
14067
12293
17505
6948
22422
11826
6186
11246
7720
517
16917
1923
21356
13714
12569
4330
15422
11165
14057
10224
18706
5275
11045
2460
6411
18152
15540
18432
5352
14941
6982
9218
18026
10798
1137
20768
10079
424
7033
3595
13212
22087
8784
20482
6972
7120
9361
4550
20913
1485
4117
19485
2443
13767
8460
20440
5013
3088
6696
11653
2608
5448
7452
17743
17824
4321
14267
1821
16286
641
2772
3737
2619
11150
21361
15297
8617
11916
20250
3037
3564
3244
4336
17221
8724
14567
19041
22437
18143
1894
582
21929
9632
17549
13145
13339
10307
17374
14140
2570
22283
11177
13082
9809
224
7305
13040
621
22440
11700
15012
17068
18492
8117
958
16020
14108
5966
19983
7403
21467
7891
12348
16144
17637
17264
3286
7838
1035
22181
19134
19928
1956
13130
14124
10206
1860
10615
5142
9872
10687
14243
13112
2287
5539
19671
5536
9557
22374
21308
20512
17278
16266
9174
19773
15264
18667
16719
20987
8779
13903
16893
33
2398
21772
22130
12455
59
8840
21185
16943
21900
20665
16648
7353
5463
21389
18566
16570
6567
6691
15191
18970
21345
7182
14545
7142
19404
5099
17148
15939
1070
10718
6481
15979
4514
6542
15089
18730
7719
16187
14607
1527
13682
22354
22092
11821
2261
10257
8694
16381
4836
9050
47
19431
16549
13931
13808
21006
6443
3734
7951
13446
7787
11978
15218
2424
7865
9818
11415
18810
18537
4759
8631
11599
13048
8557
16487
6294
5697
19685
16462
6701
2925
5775
8841
20544
11990
9642
22043
7958
21596
17330
7711
22049
2655
5096
6572
453
336
10281
21138
18418
10280
8806
1341
4453
19387
20526
8890
11456
20377
6305
2087
11797
2539
16131
819
9339
10073
5444
12473
22359
14802
12321
5328
3330
18625
18495
20483
9488
18120
4404
3495
7099
9784
4220
17697
17622
16483
2848
6950
16885
20312
20497
96
7567
20949
19325
18853
17481
11087
916
14472
4754
5353
16547
12010
457
17076
4997
2870
9943
5270
17440
6649
8726
13892
2842
241
13138
5397
9932
7987
15064
22089
7360
14621
21034
18217
15110
20583
11086
10110
13515
8216
17422
12607
3908
10138
12493
2174
15967
20584
138
17885
16470
17035
21189
11285
10448
432
19960
7415
16855
21478
4064
18759
3006
12231
21665
11234
17676
15535
8222
7840
21362
8953
9178
3901
11328
20809
10681
13898
16692
7366
12202
20255
5071
16567
18433
20560
14583
21249
16163
6247
11612
17602
9061
18604
20697
13696
20449
1572
14487
16310
20920
15200
2880
8440
18290
1226
15758
4180
3182
622
8744
3702
8182
13653
17513
14685
4983
20014
8300
21343
9108
19640
12666
2517
20585
15980
12452
8970
19072
2445
17293
19
22364
15977
16249
9288
21941
11439
19214
525
9389
17409
8864
10987
19551
4864
7680
9905
20587
16525
838
10199
20067
1087
4839
6683
20864
16854
20219
8427
929
4707
1685
3455
899
20696
6629
18934
8226
5509
11066
12750
19963
16467
13411
11894
12989
1868
18866
9511
16560
3784
19101
12896
3657
4464
4774
15301
1161
18208
11901
3866
8173
7922
21013
16937
14240
13434
13625
12524
16421
15813
2205
889
14410
18668
7035
19109
2841
9469
3374
4873
19709
10879
21286
10585
5183
1114
6158
9163
2255
14065
21315
3867
11020
3500
9012
21787
723
5938
21140
3036
15488
19846
19166
4320
4158
21809
1571
6160
7723
19988
19675
11267
20238
22143
12093
11189
10737
10984
19863
15163
9581
20517
12211
4122
12389
703
22443
11822
7985
6470
11301
14070
19916
13147
614
9774
4193
39
16268
3055
18062
11597
6107
10126
15800
18037
4088
1710
16057
18774
21237
10906
13278
8879
21100
15425
10319
16902
5988
8507
9399
1194
8801
13727
22351
15546
17327
8857
19657
17292
13432
10724
20770
2120
21351
2968
18722
18424
22184
14857
21729
5514
8824
2544
19198
2029
1107
17456
6916
19743
14964
4246
16548
13862
10294
1979
8294
17522
17265
3229
1125
17842
13272
12799
17979
3043
15983
10097
19493
5683
5390
13530
9714
18805
2096
15837
22068
19599
4009
16439
19586
4308
22146
19271
11516
5891
19522
8038
12677
2594
4131
1895
18527
772
8166
4640
14314
11353
21428
8994
5951
7434
3554
3015
20390
10871
1880
6434
12407
12609
17690
13871
7203
7502
17212
17521
4045
7138
3706
16768
21371
6493
20177
15487
12622
2600
17614
9545
12471
6750
15543
11158
21913
11384
6422
21588
13945
17472
4042
11145
22455
11260
18957
4922
21303
6219
3695
11502
21761
17099
9118
14399
11644
8984
13822
9104
794
2924
20185
21849
19941
20184
3404
933
6773
17282
21277
18828
7453
12169
12553
2483
5411
9444
12665
347
22294
4087
3521
1109
14405
14049
13485
20059
14454
2274
447
1624
14469
19926
15925
18610
5926
8754
22436
3209
14388
15116
2572
9251
12694
6249
14098
13104
13488
17051
18306
16982
1482
8057
15188
7427
11631
12289
18074
16746
16770
10550
4789
19501
1119
9736
9844
16296
17793
5130
13989
338
16743
3821
17848
16042
10735
4992
2947
15228
10794
9751
15185
21129
16876
19940
1731
19772
18825
19868
232
4779
391
17033
22329
6173
11584
20992
9087
15333
12510
4561
17866
15309
21630
15760
7243
20562
12836
21683
17781
20432
3890
10054
15733
13961
3367
6686
16778
4456
14325
8735
15177
17357
12974
20061
10231
2375
15871
16161
842
17840
15096
20015
15581
18113
5897
7952
1139
21311
752
17621
14878
19762
20384
15391
18095
9439
11432
5306
19082
16662
15699
14594
7460
12200
5774
19756
15403
15249
21033
3342
20197
14751
3502
16433
21354
6970
12740
17123
15014
13458
21867
3270
21114
13116
21093
15721
8977
19200
14371
1917
3916
5881
6661
6620
11336
6504
11795
20966
19553
9594
14916
2969
2433
13109
1430
8363
14044
11184
19054
12714
7980
10406
7490
21466
2416
112
2805
9696
9295
13149
21243
12082
21079
4485
13907
15579
6187
10714
21878
3309
14808
16602
6760
194
8072
12718
592
3736
20856
18950
3153
7753
16919
10244
12946
16853
4526
3733
9419
5140
17215
11004
5098
3189
14341
5558
19347
3476
14505
14596
1364
19543
10997
16851
14918
425
14204
5972
2053
16574
7843
19406
22007
8295
8149
4786
10308
19135
12936
16458
2459
14351
11226
1680
4579
2736
242
10240
9151
7161
8595
21629
7911
21085
2986
9166
5837
20241
19055
18153
20099
19634
16521
19823
7731
4498
7947
383
22369
6137
13203
7801
14966
6512
14978
14961
10534
20960
20024
17274
3226
13602
13445
21330
22303
1382
18971
20109
8554
9922
5212
627
1348
6243
20228
9086
14153
14887
12113
18448
16741
1914
624
18545
1901
6409
2750
14190
4656
18886
10037
8748
20762
5572
18368
19981
3491
19870
6264
3864
20505
11954
11633
16838
21259
11928
20146
642
14217
16150
22241
17906
5800
6171
6339
4052
3297
323
16120
11634
20933
20574
13690
12165
5660
16869
3073
14048
12120
13709
13487
6843
21550
20567
5382
3797
11341
6858
19623
18178
2885
15146
18852
18949
17345
19377
4948
8025
13634
17431
16355
9778
7083
10858
10438
143
14082
3543
400
18606
15762
18444
20480
15825
850
8734
792
17534
17545
7009
7115
7139
10074
4327
2171
496
7761
946
16466
22164
19701
1063
10544
3584
20559
20903
14213
6955
3278
18951
5057
4001
15105
3558
8606
14154
7568
16085
538
90
6453
13304
5896
21473
2743
2289
7056
10225
16425
3798
19333
9555
21125
8010
863
18987
13476
8061
9691
13429
3673
436
5019
11626
18963
2186
22458
10884
10590
10948
15250
13821
18734
11442
12276
11273
7833
15085
8763
10809
19432
21212
19405
18736
18725
18982
13435
10402
3787
21426
1014
13190
14908
15111
977
12000
12598
8990
11021
21895
16756
13106
20388
13911
11693
17050
17010
426
17299
21853
7148
18088
10741
15313
927
1372
19289
2997
7416
9923
8820
20551
498
14584
19957
1289
4499
490
6202
14463
88
4249
13787
12458
11096
8934
2340
2822
10426
13335
3462
15961
10039
2078
1329
18833
16994
15570
1750
9624
18073
9542
16860
16673
9246
10996
9275
14409
11716
10055
18164
21817
15816
5120
197
8788
17884
14667
2006
9262
15974
12599
21838
11232
21374
6085
10781
11617
9313
4897
18024
21998
12868
20834
6947
9235
5093
18216
10403
5919
19555
3814
10701
10148
17427
13428
8651
12485
3139
5368
16744
7500
7420
3291
14031
9615
11603
17197
12469
21626
20632
10684
4632
11761
2233
8961
4518
8700
11688
6175
14768
17854
3520
14565
17025
188
9113
21077
16220
3089
7791
19851
8006
16701
5203
21975
6993
4469
14009
17058
12288
18677
26
13875
15951
9677
19219
12269
19852
15697
8469
13256
4350
10266
5836
6116
58
17561
1273
7810
7438
11063
2509
2583
8538
14043
21985
4037
18943
11602
7077
2204
15141
1017
4939
14640
12428
6731
19308
13196
10501
17117
21824
13719
18078
2276
21671
7331
20047
6290
4415
9856
12753
2336
14344
12247
20646
18131
20140
13938
22177
1508
43
6994
9688
10925
94
17791
14540
12329
6820
21854
15069
10162
10318
20420
5451
8926
16245
15483
13275
22008
12104
15830
11202
3098
15144
19137
7379
4343
4153
22357
13605
5228
620
19691
7565
4880
9761
6072
20818
1067
9949
7777
12185
15289
13418
16447
6562
7046
9168
17692
6954
19383
1397
3242
10576
6583
1520
16799
7807
17172
5409
11553
12621
943
2733
207
22112
9550
9507
3602
12411
9377
14109
5176
16317
9534
16873
8813
15521
7712
5294
3945
127
6316
14838
6218
18512
10140
4969
3779
11771
9660
8262
8695
770
1360
20822
19492
19580
3757
14824
14429
7694
15437
10245
13093
21409
4163
2461
14748
2334
10492
16434
13139
11496
1313
15026
18266
16398
8252
16261
17780
22421
9461
4737
11773
15445
20365
13441
6980
375
343
10575
808
356
16258
9972
50
14773
12364
9356
18906
16032
11899
15756
16188
15066
10564
1431
10405
3630
14946
9663
7556
5404
7935
7026
7010
10503
14777
7852
1959
6600
17354
13184
1415
37
7966
2420
5361
15461
560
7429
4036
13317
4804
10150
7471
1588
4395
19929
17093
5513
8640
11211
5011
240
17573
4023
9184
19096
8367
19815
3518
1257
3382
5831
20575
6854
3588
7847
11315
9890
5325
21472
10745
6057
1944
19625
12135
3328
15820
6703
1123
2991
10926
18380
18995
12459
13038
574
14608
524
8737
21899
7475
8125
6180
10608
19536
12993
148
1414
7924
16379
15174
10702
22125
19760
22463
3839
19688
1701
11092
3735
9434
5478
11124
22375
5918
19315
6307
9117
12102
17716
5051
9456
6544
6080
15918
3530
19759
21192
8366
724
18629
14249
1330
2272
14981
20909
1463
21489
2297
5748
19944
21422
4991
14718
7320
16021
1749
16950
17280
5247
4725
18581
14677
4437
8883
13834
2639
9963
1665
7912
20911
19421
16689
8394
21188
10578
3994
12654
20976
11463
3743
6605
20780
9910
13309
19231
18641
6597
22286
16408
10749
13002
368
5280
1761
17760
7198
5695
15131
10792
20319
13874
277
20647
14875
1827
14963
8387
13649
9333
9797
935
9974
20969
7480
19247
16727
11910
11213
20330
732
1272
9447
13155
15568
4762
13426
16438
11007
18054
19889
12347
3066
3996
6441
16183
2422
16866
18931
22460
6551
9939
20951
10047
18573
15678
11280
19507
16432
15119
11472
16030
8579
13361
10769
3892
13908
10526
11427
8471
11657
22219
5495
21780
21810
2914
9379
4112
11389
8516
6066
21018
16119
12395
7412
12563
6284
9893
13576
11430
2684
19989
12050
5064
7845
6957
12283
22210
17694
9110
1271
15114
14900
4491
18646
15985
2085
13297
10208
11332
19388
21254
2673
15223
21213
11363
22418
10707
4906
514
1460
18529
17988
5518
8496
15476
5433
21450
10770
1678
6473
20508
21385
997
21044
7408
20734
17544
12761
1501
6693
11976
22195
7735
12403
14661
1068
12353
12332
5931
8740
15969
14758
13552
15615
4028
274
10917
20153
14346
17220
17566
11704
2475
20327
4502
4225
4142
13784
8263
19457
21042
21659
3115
15948
9848
21800
19437
567
10947
157
8503
254
19641
715
17007
5746
1858
12441
1255
18972
5910
18645
11846
17478
19721
49
20252
13542
20291
19841
1891
15742
10345
2341
1998
10598
7269
3053
16151
10339
17940
13189
13915
779
12337
10400
12523
4689
18375
9541
9294
4492
8718
18363
11360
13242
16872
16787
10246
20495
5259
1097
8965
296
18226
1921
493
5458
21784
19045
17811
3590
12324
18146
11966
1751
13971
14906
15782
6741
14825
21606
1071
11684
19757
2444
19649
3662
3024
8765
5930
15236
11401
18623
1316
6366
20650
2724
15698
6961
14778
15481
14723
21509
679
13415
11867
21739
6743
337
12937
4185
12176
18482
11845
5469
3965
21569
15716
9299
1025
6444
6508
21231
20433
11804
6045
15328
7742
4379
17726
3110
14071
11289
15076
1195
14513
9430
4020
9024
10772
12616
3334
16102
22057
219
18359
5623
19296
2162
12464
10261
14189
2356
9995
18935
16999
6447
14576
21475
17301
21708
9571
2258
7428
350
4616
14461
20764
11787
4516
4342
15159
9319
4292
2313
4573
10143
9310
19575
3432
7653
9074
14678
4676
14273
17612
5720
3341
1654
4431
20414
7487
6162
20156
2615
5201
270
8755
3911
17821
2806
10923
15909
19618
21776
17258
12405
13742
9526
4179
22328
17384
21314
14209
19320
11074
16260
2765
15849
2016
6103
21832
1787
19710
917
7858
20173
11683
10883
17631
14191
22378
15953
9240
13316
9352
14497
10954
8002
14561
16601
13037
8786
7899
1617
10179
7078
20823
12358
21584
14833
15821
12280
17984
16978
871
1848
22168
2564
8624
16509
11436
18270
18966
763
17501
2311
16198
10622
14769
15300
10827
7209
18550
9625
18262
20604
405
17376
8265
6875
8316
15761
11449
20922
15963
15625
5068
15090
21615
9406
17691
11756
14716
14047
18747
18454
1579
14842
5132
3940
19063
5520
17956
9371
14753
13543
530
10850
9919
17296
19777
14125
3763
7456
20279
15290
2942
13598
12638
14084
19070
5297
20343
8456
3499
2874
15954
8524
8499
2521
19730
14132
16895
16122
9812
5166
1683
13694
3691
17218
5092
20087
22296
12243
20930
17415
21408
13133
21222
5716
14538
12371
10202
20791
16559
16541
11269
5106
10799
8380
18721
2450
20080
19893
2506
21154
18969
14356
12254
1103
3158
10104
7793
20655
12496
11517
14986
22278
13928
11527
4773
11691
13827
2209
15239
16154
22248
5269
21456
3889
13406
6715
2037
8519
5822
3370
3599
18672
301
11593
7644
9528
11594
8139
16519
3909
4328
13264
21573
7697
4672
6748
6727
20435
19633
20064
16093
20758
10614
14378
19573
13511
3447
21414
10666
14542
5112
21037
14192
12408
339
9780
757
20189
20276
20621
19086
22224
4900
5652
1391
21496
14905
20586
6133
12605
8897
22339
9331
3497
3239
21740
3659
5487
9044
8454
4440
7830
21009
9657
20141
7467
21432
1639
17180
13509
6780
1745
16630
10837
21133
17578
12023
12842
4201
767
18374
13111
6784
15801
13386
3896
3805
2773
1933
17783
7769
21940
6361
16397
1395
18221
18871
20773
5373
16825
8896
14996
754
9952
14458
5432
21961
9760
10834
13021
3257
8232
22366
13260
17364
9093
13070
3386
16791
5855
18518
4920
10468
11323
16295
19030
10445
8402
12848
22252
12045
16175
13095
11376
2345
10414
13225
2132
18844
10303
17663
22405
4399
14759
2801
10176
8087
1638
14172
19598
10
13284
11163
3046
9028
12655
12218
19737
9
9125
10977
11051
9326
19885
4461
1390
8790
14671
11538
11736
11698
14696
20246
14929
22106
9349
3448
9203
4097
17370
4761
9092
6806
20007
18194
9220
8146
1943
12372
20700
10182
13313
7682
1767
7796
3809
12603
16558
18744
1634
16698
2244
18858
7325
9284
16728
12155
6628
21367
18655
16997
21859
5073
21232
14492
18511
21583
14847
1591
5622
20296
5403
14379
16520
15448
11244
4747
21533
9525
18015
13672
13228
1500
8389
9121
21433
18841
20541
16499
4140
18301
15773
4993
20539
19796
19350
159
21948
10584
3040
1649
8930
1614
19792
1262
14045
3097
12817
16475
5994
8590
9374
17171
19027
4013
16194
14052
5450
2193
11364
16071
14444
7827
2996
21241
9493
4574
8912
5348
2819
12939
14898
2404
5847
1245
13311
3749
14307
983
10334
20133
11775
8415
8869
10789
2442
7361
864
16806
13497
17379
19587
22398
2327
2218
1007
8243
10014
11382
13325
8567
9105
14562
2678
9871
11352
1557
1278
11885
3848
8293
19820
13835
5984
7247
15503
17210
3744
15006
16534
9106
21914
16615
1586
21121
20892
11972
961
14604
18806
18232
18093
5354
6543
8042
18168
16524
3077
12580
7835
14061
18179
15243
10065
12098
21403
6069
2142
10063
1730
18
21742
4678
65
12477
8845
17042
5504
16951
3646
8502
8619
14605
20938
22170
18390
14
635
20443
6486
12789
20651
11498
2284
6189
5952
11171
18083
12152
21879
11314
2224
19986
20135
7641
9647
4400
15404
7094
13741
5007
22135
909
21296
15052
13998
1324
2904
17112
10641
2981
14110
12527
2031
11852
8109
12964
18234
21855
2812
228
12478
2075
11562
16931
8476
2847
11359
5282
21733
9827
7322
2934
374
3211
10617
3004
19837
3428
12150
19645
14020
14666
22449
14659
5372
1256
19610
1205
5650
5465
1112
17512
19696
19303
7096
5171
13974
9681
10391
16865
3126
10611
5879
6222
7329
15785
75
17204
16315
21427
13154
14166
4307
4964
3128
21641
14188
9318
19455
11605
1738
5882
5894
13858
18777
19562
17977
4486
20962
14234
7348
1772
5046
6232
1215
1263
14101
22012
329
17487
17831
19744
3100
7612
10002
19146
8533
20134
7277
11726
19500
12285
9335
18553
4090
19810
17325
12088
13736
10930
9946
20800
7538
14272
14646
12017
7289
2355
11443
1946
4560
5710
1387
13036
12071
431
7327
4475
1823
11123
6829
11762
11557
1209
6151
20507
17891
150
1389
14406
14280
17105
84
3747
3259
18215
5856
9483
1583
12952
15267
1247
17402
1141
8014
3845
7066
9241
20844
16073
6721
9480
4585
4960
14788
2967
3745
18548
19695
18336
8449
1
19733
11354
10793
3130
7160
4494
2704
21068
14175
5587
739
2970
16821
14928
18514
9934
11119
14001
9053
19205
6131
18937
10698
14547
5307
21642
22349
21323
20465
21851
7828
17436
19467
10350
5398
4147
7558
6236
14036
10379
12305
2245
14895
3679
5965
2860
21856
15838
3279
15531
13346
10109
16009
10816
14382
16818
17460
21823
19795
13987
22235
4877
377
8919
16332
14597
14164
16283
16656
13395
812
15831
15364
13940
20352
1053
5755
17181
9232
20917
919
21910
12115
20928
16531
4564
11034
6037
2647
6616
4795
9260
8960
2875
20310
20071
2565
6492
4635
13252
5510
22408
11062
10912
645
16968
12153
12178
8049
1187
2824
21650
9504
7301
8245
7123
11411
16349
20847
10967
6556
2933
12643
5265
11671
12204
2927
12369
4441
1084
14955
2436
9892
16393
4987
15283
6596
21157
18288
1733
14956
20083
13090
19676
16171
20964
21870
20722
22433
10418
7039
11870
14060
13230
14392
2759
7535
18109
17363
4911
20329
13460
19686
9436
10685
1543
10686
11334
12175
6874
12249
5802
8234
20766
6669
20035
5078
16965
12962
7550
1047
17707
8004
10091
4823
7765
5345
15118
20971
12721
22037
9983
19556
20346
5655
22265
19483
9745
15018
7136
3650
18128
19843
12499
11125
17022
14302
4022
2368
20042
2147
22020
9549
10610
18124
9755
3377
22208
22117
21101
13612
15745
7824
6383
20710
4810
13621
7444
20347
5943
8540
10988
19275
17838
4357
766
21770
2851
3589
5318
17182
5241
2714
13777
22226
16037
123
14134
2676
12949
14026
18551
21660
8511
4218
981
6805
17391
16737
20653
4521
14558
11277
8473
16977
14911
1987
13554
130
3390
15727
15944
9297
1577
15315
3764
3017
14181
1711
8615
4953
8664
14288
10286
5552
7368
12315
7273
18996
16877
1041
6983
13371
10838
14359
1514
5379
17227
19961
3904
4772
14634
19723
6490
6796
3753
9651
10970
15694
13737
15323
6949
11295
19992
8381
2604
13899
11468
17646
9369
1794
18842
16966
17145
2098
840
6114
8854
11230
14377
1755
17457
18925
12548
10102
6510
11247
590
7893
22105
20513
12196
1172
10554
16473
17201
16508
14176
516
4049
19093
4038
9499
17792
10466
14624
16252
20977
167
19476
21815
9373
11872
7961
17896
7871
10177
19890
2705
16248
4942
10205
15907
21649
2596
5395
9743
19459
1570
18860
18416
4228
7206
12629
10132
16769
1706
15468
2387
18130
7208
11543
2187
11466
6967
4349
3792
17163
181
2845
5486
14734
8611
14691
3995
14484
17863
8512
20053
9210
5834
16358
18890
6433
7236
16973
12390
12383
6225
11793
3180
2428
3778
8612
4544
2496
14500
13566
1737
15572
11892
10887
22454
11725
19399
15053
21644
14398
17291
1688
16590
9090
12453
17837
2217
4283
11073
17156
10878
14115
5763
18273
16471
20719
17019
13802
3880
2454
21977
1626
12999
52
5387
11229
20709
14114
21710
14022
9281
21703
388
8770
11459
10364
1648
4189
22171
11241
16420
1160
16736
2320
19615
7102
18772
821
22005
6023
2990
10320
3865
7220
7956
12737
17923
17416
10971
21379
1625
15666
21328
1176
1198
9637
12801
1032
6209
6419
3362
18438
12838
14372
9096
5946
8480
10812
9300
16660
15555
1334
22247
16953
11676
9668
5400
19765
10056
22121
3012
20751
9452
1438
22306
14245
221
21313
4356
13771
12292
5590
12014
7933
17808
4474
9785
16186
11820
14546
11495
18719
3684
6648
11043
8034
15971
15852
5633
8894
1945
19857
9133
11114
15959
8021
10593
18119
8450
21828
5452
12080
13302
12797
12374
11311
5480
12641
21193
11500
4208
10857
11008
6777
9250
13360
3707
20595
4612
4368
19190
13992
14643
4978
12715
2828
1351
1074
2180
11755
8274
2365
13677
10045
14080
19797
16915
21942
6475
7034
4101
11203
18268
9196
9882
6479
17119
3373
17151
3692
7000
20102
1019
5497
6013
2100
17950
6011
3329
15000
7300
16352
19597
140
3565
11467
13128
3011
15386
18197
8403
8029
9954
16712
4213
1222
5598
15787
6333
9672
2869
14914
16816
16993
6800
18003
16862
14028
6252
3407
11103
21332
11994
17547
21088
18818
7042
1184
4136
19938
15156
7263
8870
3247
17140
11138
11841
12912
3672
10849
3556
4657
6671
16017
14553
6140
7210
6733
14296
16800
886
12856
12820
11422
20491
8979
6157
15810
1713
12712
9453
20704
9650
11061
17593
8107
3552
13220
21136
4290
15686
1758
4025
103
7953
5494
17329
4149
5311
4335
7158
9027
17378
19232
22255
3196
11785
19430
14746
13409
16568
7260
3953
15284
14428
9322
22356
17020
397
657
12410
21081
5801
3570
16426
18964
22331
7662
1918
9441
12225
19706
17426
13514
13951
9018
2553
18880
19165
13022
513
6089
20886
15370
11231
8980
5694
14329
19273
3213
22326
9989
7162
2614
19898
19956
11873
4166
18664
13078
4736
18205
18834
2726
22014
6356
20041
13031
15994
718
6811
8653
17475
6213
20181
17383
19400
476
1729
2543
22217
5666
21151
3355
13760
12899
10924
3591
4742
2905
15060
18901
4130
21559
17458
18760
16914
19447
21532
18605
5262
16386
7117
1011
18678
8200
4203
11325
3966
19279
330
4855
2936
15447
5911
18595
12262
12865
6256
4824
8974
20081
16411
16450
13836
9066
13919
5843
7291
4860
18413
19362
13456
42
18644
9252
6541
15873
4014
15929
13594
9604
18708
13958
15695
9475
13886
15874
12814
14942
13620
5597
1476
540
12433
16561
13956
21835
14304
18861
1670
15995
16571
2057
17392
20484
17874
19684
697
755
6319
2739
4553
2760
20396
14868
9881
2047
12238
6168
9530
20805
3708
5303
5983
13266
57
17978
18787
3113
5990
12950
21836
19037
5070
12632
18929
12743
14736
21502
21115
7137
800
10313
5324
16121
5544
429
19603
1120
2071
9788
8176
14007
18141
17474
19511
4919
7367
5086
19304
2117
10068
3569
12376
17739
20231
20894
14971
16600
20297
9248
10071
2260
16160
11879
9558
2001
7577
1578
14477
1362
17161
12644
16075
8022
13981
11278
20048
11958
21608
4055
16250
19246
11225
7110
21705
20942
8112
15614
2421
8459
9329
11338
4080
16748
20827
8447
13300
5330
5859
4531
9314
14285
9886
2451
12751
6132
1855
20686
17127
11550
15915
128
18741
16265
20110
3795
18384
139
18389
4611
21750
1837
15707
18409
7025
19943
20376
18291
2352
10329
556
1828
21668
12275
16604
16065
18984
9070
7848
21329
3629
14829
17892
21691
5008
19076
4654
10174
9877
15826
21167
11371
21397
18803
11695
18345
1718
22343
9324
1203
3193
13887
9636
789
13065
4859
13290
10341
5088
13778
11564
7895
18419
9190
8944
10227
6029
6431
4825
6370
20151
14040
1875
9968
6269
2620
17918
227
18986
13045
12245
16263
19725
10096
3281
8603
5281
5853
10881
20578
10998
4480
20490
16469
5453
12126
417
1301
16092
10485
9705
2146
10538
21640
7130
15898
15061
13471
8008
18360
19666
15187
18030
22321
6265
13314
11866
17138
15706
9992
10352
11399
11844
20429
21604
9291
8939
19370
2354
639
17509
10630
20532
8940
6842
17686
12595
264
10101
8084
539
2900
3819
545
21141
15229
9741
3961
15277
4344
4207
1447
12788
2599
9766
2779
2758
13142
14977
13443
4347
4040
1721
6688
17519
14617
22036
17304
6292
18295
2868
15708
12170
16459
16961
16323
2156
4784
7589
2668
1012
21793
7144
22380
2641
2046
11667
5406
4012
21877
17992
4089
12317
12500
9146
10212
15145
13001
10111
5790
16476
14958
10278
10742
1400
15478
3405
5631
11339
6923
12547
3108
7571
12628
1163
11959
7736
12299
10581
21228
20694
4058
18792
21001
7012
19438
21834
8760
20356
17393
186
5089
1020
9357
22202
2206
12696
21128
18060
12589
20152
6424
20875
11975
20416
20820
7519
6549
8178
18313
11174
18343
9602
13674
3718
13043
18800
11152
1150
8346
3698
19090
14147
14936
12573
15822
7181
6030
7533
5528
3461
6115
16191
16222
19389
1168
13838
6054
18804
1412
16512
9694
1162
21255
8577
394
11428
7391
2225
4835
6033
20879
11960
5559
13642
3409
7880
21928
11921
8285
13452
16179
8955
18028
16771
8630
4633
11310
2318
14810
17160
713
12268
2028
10805
6199
497
2541
13069
18402
10606
17658
20254
3058
10981
12311
13168
18408
10337
18362
8650
19864
21839
21331
6074
16404
15999
11651
8046
7973
7441
2652
11120
16664
3369
5422
21762
9126
4805
20065
13942
5561
15490
287
20030
5817
13588
2277
20045
12052
20883
3915
11117
14018
15221
3354
2618
20829
6287
16253
22293
5970
3314
22040
22107
7874
20489
8197
22464
1136
5072
13056
6797
15717
12306
15940
19088
20543
21334
10497
13809
2707
4085
19856
5115
21652
18063
4930
4348
21862
11721
8077
5209
9592
6607
1199
2948
15987
6737
17550
342
5524
1213
7231
20863
9913
14559
15881
8488
1426
4663
19900
17617
12016
5769
7671
18381
16392
17901
1118
5701
14041
15755
5050
2060
15616
9268
312
2552
17806
17947
20990
2292
4462
736
13893
11558
8453
6031
6861
17484
11223
11108
198
14456
10478
5483
21350
14579
16115
12682
16647
2597
14713
827
7385
14092
10863
11940
11869
15172
3198
9695
319
8283
12062
10209
1512
11040
7705
8482
20457
7594
9396
16649
13423
759
21653
11977
5678
14619
10020
11412
5741
14083
11606
1496
21306
682
22066
17920
8340
1672
8791
22273
7936
13984
768
11927
9924
5219
7375
13244
21807
10727
5960
10249
14551
4255
8359
6655
2469
9462
17250
4706
21890
9539
6381
3155
12145
969
21880
16693
4067
19129
2357
10691
13656
2119
1870
8396
20692
14221
15862
10166
3756
16711
2019
5000
205
18892
10894
21488
10234
18193
21227
1156
11072
4595
4500
13630
2165
9376
12538
2833
16515
2080
9951
11118
11347
8159
278
12205
12667
6853
16302
12028
11185
6941
19742
17412
21786
20056
9614
873
8665
2112
10549
9928
20810
15409
7969
3251
2131
625
17528
4176
16278
5196
5074
7962
19318
13118
5712
16935
20300
12489
6331
20456
7191
9936
7241
8976
22285
14933
3368
12932
3056
18616
3820
9069
17703
8613
4975
2325
3853
5021
6763
40
11851
20609
19197
12201
29
22318
15789
11545
18420
15431
1515
16566
15571
12749
1442
1379
21896
5039
672
16657
18979
20341
5468
10269
3439
19475
6815
1468
14262
8382
16059
13963
1075
856
12637
6021
13965
11159
460
19873
14097
20708
142
602
15670
15811
16841
5880
3715
2725
17136
9658
10679
2307
6153
15158
5256
15276
10333
4476
15088
20139
21603
4989
6672
6546
9372
7141
6831
11156
7223
20436
4402
11533
17158
18045
12571
21273
6533
15170
2384
20493
14919
18738
19465
5893
6647
5934
7152
649
21477
19758
7262
12506
13180
16335
17893
7749
10530
7831
20667
21061
13644
8143
6501
20321
12391
3443
8405
4313
16328
4021
15583
8730
13852
4775
6609
9033
21872
7057
4519
3484
8822
3422
10344
18437
6100
22196
1212
8210
11980
15419
11131
12861
283
6658
699
3384
18608
1725
4892
19398
14289
10040
9100
19872
22174
6882
2640
2533
5941
9120
18821
10235
18648
7994
15511
550
12733
6359
5254
2520
2606
7603
4435
20633
7297
20941
3610
16329
9976
11141
21168
17933
1726
3417
7400
18162
11079
8555
21076
11874
664
22206
555
11647
17738
7505
8386
9342
9937
19047
9970
21845
5499
4096
20294
5369
7583
4679
5609
11909
260
11358
9309
16610
11450
6817
6038
6086
5638
21926
18274
4068
16928
17390
21663
8214
5198
13363
6143
17826
15074
784
21419
20620
7314
4019
21570
13274
14431
11924
666
15792
4150
12897
8674
16565
13370
2817
6235
307
21225
14872
9367
7276
13321
10864
21025
6460
4956
13667
19715
6581
11735
648
18516
10412
19122
14298
13312
21576
17974
5728
13307
5061
14893
18652
13524
14319
10785
22033
8128
14528
1702
8231
8218
12264
17592
4062
13643
1231
19472
13396
9256
7877
12890
9254
13896
14676
6206
12378
20547
9059
6312
13359
1850
20021
11579
9140
18452
8446
9007
21092
10938
1489
2917
4254
175
14090
2134
6097
8325
6059
21413
11104
6291
14239
20182
8362
2110
8268
16732
14337
4675
9586
17246
4652
502
134
18746
5756
18699
8036
4604
2431
10423
13519
8050
9428
18952
7294
20170
17648
9500
14495
13622
1031
701
15259
19014
1008
4852
11809
11935
16903
5727
5290
8297
8521
16416
17262
9941
13453
7135
1693
12572
17397
16870
1393
937
3954
18342
12968
2014
13172
5160
15617
13417
9270
11779
17577
16340
10660
3786
16807
18202
1191
2114
15592
4546
6067
11381
16289
15734
20186
12713
6536
2144
16201
18203
20666
17869
9508
8392
19183
18502
6653
18569
10093
8911
8923
12467
9031
12855
3869
20230
11333
16135
9730
810
4432
14586
6293
6878
3400
8390
12013
1302
13749
12800
20776
4137
6386
18180
17066
8432
14557
12521
19263
12756
14854
11083
11638
4716
11589
5362
17661
14985
7044
18344
11494
7548
8035
4428
17017
8671
17075
10470
17657
1274
4318
10107
5427
111
15288
6674
21444
6282
19519
15308
22198
8448
3585
19647
7068
7175
18160
2831
716
13083
2723
14535
11887
8323
17305
15176
4809
18330
18854
11190
17632
2650
280
12400
18530
16933
14850
13608
12394
18778
1171
6981
3664
12724
7052
18617
8163
19626
17159
7202
14263
6289
738
4984
17014
14819
8113
655
16053
17618
10512
18189
6261
19991
19724
11968
12660
16709
12012
4048
15331
5808
8233
14789
9073
19739
10021
11519
20589
14804
11875
20533
17465
2607
306
15330
684
1265
7679
2396
11327
17744
13618
17642
12759
4884
14672
5230
787
9355
4607
5500
11580
21105
9717
7771
1310
4909
12735
13746
20399
17284
3769
19921
20896
8455
14076
13255
19334
7553
2701
15325
1544
10210
16944
19524
10670
751
4903
18173
17552
2410
7799
5523
10125
7156
8535
17878
12190
12392
5645
20725
17717
2515
5948
16364
11646
12720
19673
11705
19643
12676
10248
3507
4547
11147
8592
11395
8518
18710
11890
5445
5490
12362
776
11169
6606
16955
8884
12545
15680
8989
14636
19468
5635
10506
8566
9446
20334
19157
6387
16494
3379
18676
12893
8522
267
8593
1728
14030
11679
3850
13223
20643
15423
16372
2036
18528
21465
8279
2126
22409
16663
18043
15395
18881
12177
7536
294
4279
11437
6111
2511
20259
5835
16755
13407
8115
17348
2769
16782
19903
1589
2308
668
13853
7479
986
14840
14236
4701
11926
15125
17630
13492
10090
21727
7017
5058
14228
16341
18837
8738
8587
19628
7887
13764
5246
10272
8302
6471
21963
22324
1321
2467
1352
519
2275
22048
13544
20895
13221
10270
2073
125
22266
15040
7837
5466
7959
22207
13700
18185
13964
3992
19502
11996
19520
499
12731
16942
14393
21662
8600
16234
8357
573
19761
9597
13781
9692
4338
17827
17975
11238
19557
19787
7200
6789
10643
4757
15169
10992
15610
1146
11343
1992
1660
8698
14186
7652
8739
17731
3069
19541
19670
676
18693
4104
15091
7798
8917
17879
16006
5813
9858
17261
17088
1876
131
18815
19771
10013
7795
10545
17681
796
6191
15366
15526
7541
5276
15433
20459
10023
16637
1790
3927
19264
19741
17469
14014
7832
21790
5251
14362
11556
1996
3203
17823
16270
14595
15780
2230
19104
4252
13449
19879
16700
17002
15857
3573
20105
9494
21347
6341
20965
14740
7187
10993
7714
11728
10791
10853
178
20201
20735
13245
1546
10762
1521
4490
16267
5204
15348
9258
20407
742
13115
15958
2472
266
1989
10395
4234
18865
12310
4086
603
4139
1183
12158
12518
21203
14474
15302
15359
13597
14184
5295
9931
14792
14156
3709
18048
1886
1148
171
4046
14904
11997
11151
8916
2192
17343
2021
10877
2692
10594
4082
9589
9417
18930
11938
10637
4168
484
16705
5658
6657
18204
785
13006
20871
11451
3277
22260
4588
5206
3468
18334
20934
13679
11510
20199
5145
4296
21609
6065
20629
4303
12166
15807
20239
5389
4524
9285
12938
12977
11414
15673
18229
7341
15473
2380
9429
867
13547
3039
6130
1769
17596
12701
12927
7186
16178
8622
17177
3862
20790
16984
19581
15303
7734
8063
14697
5396
12312
16959
7849
10502
22018
1045
5410
11306
19984
21525
20952
14627
11365
16292
10203
18694
13680
1560
12688
3148
21666
1666
17926
16484
9999
6215
1318
4411
3299
4433
1567
22259
22272
21781
18948
6458
2554
10831
14709
11219
3446
18690
13969
13323
11528
17816
5459
11397
18764
2447
10663
18659
12103
17700
4438
8968
20485
19390
12354
17432
16044
4513
9560
5740
2391
3917
7028
15771
3276
10287
18927
13462
15126
17810
13447
14871
4196
19106
6885
1001
3091
2857
351
12287
7974
15542
12839
4272
2964
12875
12137
14997
12556
3760
16246
15459
12517
14593
17770
4192
6774
20819
10836
654
22047
11547
16723
7316
6932
19164
14128
20845
20117
15493
11255
11962
17208
18509
10813
18532
8250
19428
13952
19842
12771
3389
19584
6488
7194
10895
10921
3000
4105
8746
18523
10440
13117
21917
3076
12520
5643
4482
20402
8199
11965
13171
2595
3930
3639
4205
16618
5537
11312
14790
12442
20344
15681
12557
185
9810
5211
8370
1585
15070
11309
3456
7686
5866
5806
10189
1404
20075
16474
9982
15087
20293
13691
3269
12564
15749
15671
12237
3631
11462
17729
14358
2195
12948
12633
1984
2576
6835
1922
7597
8074
14701
18716
6659
5151
19013
12345
16812
13364
14085
2862
16217
15751
22188
904
5225
16041
10767
17203
12146
15480
10236
5902
4834
2265
5304
20843
1952
1044
11028
14611
16385
3690
1968
5849
208
223
6611
9392
3984
14238
2820
18634
11559
16864
22428
17976
243
20476
15230
10446
18115
17955
18039
17387
8863
11984
14527
15840
4879
6550
11650
3025
1159
14814
14271
21400
22031
20466
22001
13918
3496
19056
20305
6595
13723
3124
11896
17
18876
18883
19016
17518
12425
5384
507
9880
5667
11471
18373
8371
23
20452
6309
16490
9109
11056
7853
1681
11932
18936
20881
1018
7657
9131
6457
16413
3047
14865
48
19195
20795
16569
6927
9599
12495
6015
21508
16922
1246
8005
9514
17168
13042
18436
8424
16897
5925
7405
6726
17871
10229
91
9202
6827
16374
15799
14265
13884
3774
10623
6300
18383
14051
10989
19936
19089
20504
235
13217
14889
20769
15211
9914
16685
6859
10601
6626
7869
4799
12699
22387
4410
17915
9364
21190
8443
17583
17476
284
8377
14782
326
17957
7633
9395
15287
7879
8706
14989
9735
21443
18524
11176
21240
172
472
12653
20993
14457
21581
12708
10561
4372
20638
21732
13916
18928
1050
1904
4199
12482
17606
17910
11383
2626
20364
10674
21065
19718
7619
5260
9257
16177
4091
3603
18830
11001
13627
19367
15880
4079
10509
4375
19662
6768
2190
20142
20082
13489
13789
7780
2663
1826
16294
16437
13257
2015
5630
8556
19348
18114
9740
7740
5676
20216
8326
8935
17000
12627
7043
2582
19393
15120
6735
4041
541
8301
14438
6092
12631
4265
18547
349
1000
2886
13559
11536
1230
11801
11392
9510
12980
21831
9535
8692
16036
9703
17421
61
22337
328
13238
16879
20076
8906
2251
17636
13878
12757
4846
7675
14169
8198
14385
5557
9724
17126
781
16754
5725
3740
20546
2897
20096
19024
3273
18404
12846
18333
10586
15938
12729
14453
21765
5239
11270
6102
14373
8589
21457
21593
19022
10910
9152
6344
878
12670
19658
6779
7934
3655
9609
11046
11390
19453
13983
14938
608
1988
16622
21565
14207
15247
2890
14415
1825
14077
7918
19506
1469
7328
646
19849
2412
11091
6992
19002
15054
3081
17031
13865
12929
12707
12384
16435
18791
17255
9158
19614
20750
5320
2881
1768
11658
7504
16503
2234
12812
11864
3263
14771
15398
6663
13555
13110
8913
21863
21119
8217
454
10175
20079
15209
12781
17202
2658
8710
18870
2534
11574
464
11385
4026
5481
2125
18621
15533
21697
4495
13726
8855
3683
18661
11629
16804
12608
15904
16219
4113
17049
14321
6707
5047
16431
83
10298
2038
12773
6382
14151
16916
8501
2457
4187
4436
13579
1042
22167
348
6052
20900
1857
8076
1655
14622
20428
4928
10354
21335
85
13247
19278
3895
7082
21989
9955
7468
8043
1819
19434
13503
18896
20070
12700
22276
5788
2337
15099
10973
15162
16910
72
19922
21054
18546
6897
4760
13066
534
21257
21175
14813
14943
20381
8969
1659
22385
20678
1990
1712
6487
13271
11682
13026
13575
5298
4570
16713
13791
18040
10651
6106
9762
7733
15310
3699
758
3875
4496
14537
17213
6478
19994
14424
2314
17748
19359
12497
6174
8126
19136
6732
3399
18379
8559
13206
19332
17769
21337
15079
1803
18169
14684
16087
3013
367
6418
13991
1812
13678
16251
15436
1072
12833
15426
5419
15550
8491
19651
3532
4933
4398
7125
4876
1355
9676
20572
19456
1462
19113
4926
634
10338
6905
12232
1846
14774
19117
20413
16064
19778
2593
21278
15047
13662
13885
8030
21470
18098
2756
6295
15919
7783
5040
20592
4649
16479
8563
10543
21842
17211
11530
10434
21885
10759
21955
14988
1852
4629
20473
12597
615
12294
8337
6782
7829
11859
327
20369
420
12078
2370
1663
9071
13384
2762
7943
14374
11529
4304
10952
1305
3165
6241
6771
15299
1449
14376
18298
6068
18654
21751
7957
13007
15538
11357
924
21767
12982
3352
575
6445
22189
7826
5854
12346
10026
10108
9276
13873
21421
22299
66
6139
8942
10516
12379
1154
10172
5617
15872
1690
4623
7377
333
19123
110
4798
21008
1410
12958
5471
13955
3907
6869
15456
6722
8623
9662
2268
12869
7636
14174
9921
6872
17470
21513
14197
5407
16833
