#
# Graph: facebook_combined.txt -> facebook_combined facebook_combined. A=0.001, K=1000-1.5-100M, Cvr=4500, SzFrc=0.001 G(3698, 85963) (Mon Sep 29 17:49:35 2025)
#
# k (number of nodes in the cluster)	ORIGINAL MIN (3698, 85963)
1	1
2	0.6
3	0.4
4	0.411765
5	0.375
6	0.3
7	0.227273
8	0.142857
9	0.114754
10	0.111111
11	0.130435
12	0.126761
13	0.156627
14	0.142857
15	0.15942
16	0.157143
17	0.123675
18	0.10274
19	0.0857143
20	0.0979021
21	0.124579
22	0.123506
23	0.0940499
24	0.0691589
25	0.0493601
26	0.0728242
27	0.142077
28	0.129032
29	0.12766
30	0.121053
31	0.119792
32	0.119171
33	0.118557
34	0.113441
35	0.0994371
36	0.0858726
37	0.0757991
38	0.0664273
39	0.0696429
40	0.0761062
41	0.0816506
42	0.0866551
43	0.0915312
44	0.0916808
45	0.0909091
46	0.089241
47	0.0888158
48	0.0846906
49	0.0836718
50	0.081386
51	0.0825982
52	0.0845295
53	0.0857143
54	0.091195
55	0.091621
56	0.102761
57	0.115269
58	0.120178
59	0.122689
60	0.122278
61	0.12
62	0.119601
63	0.113737
64	0.121345
65	0.119652
66	0.115651
67	0.107782
68	0.0999359
69	0.090622
70	0.0852665
71	0.0828384
72	0.0797011
73	0.0773052
74	0.0803324
75	0.0832823
76	0.0853808
77	0.0886536
78	0.0904585
79	0.091471
80	0.0924784
81	0.0940381
82	0.0955882
83	0.0971289
84	0.0986602
85	0.100182
86	0.102657
87	0.104154
88	0.107121
89	0.109923
90	0.112941
91	0.115654
92	0.117955
93	0.120719
94	0.123884
95	0.127253
96	0.129348
97	0.13301
98	0.134296
99	0.124474
100	0.120517
101	0.119062
102	0.116087
103	0.114638
104	0.110983
105	0.111366
106	0.109833
107	0.108434
108	0.107041
109	0.107429
110	0.105409
111	0.101256
112	0.0992963
113	0.0947205
114	0.0925281
116	0.0887438
117	0.0877731
118	0.0872226
119	0.0853659
120	0.0846561
122	0.0829891
123	0.0827068
124	0.0809595
125	0.0811215
126	0.0799104
128	0.0793769
129	0.0786934
130	0.0784604
132	0.0777164
133	0.0776021
134	0.0774312
135	0.0773744
137	0.0777089
138	0.0779315
140	0.0781476
141	0.0780911
143	0.0786197
144	0.0790798
145	0.0792399
146	0.0793763
148	0.0798023
149	0.0803949
151	0.0798272
153	0.0791497
154	0.0788644
156	0.0779058
158	0.076563
159	0.0751288
161	0.0723881
162	0.0704524
164	0.0669728
166	0.0646424
167	0.0633923
169	0.0607672
171	0.0577141
172	0.0562771
174	0.0529764
176	0.0508918
178	0.0479014
179	0.0469067
181	0.0447514
183	0.0429122
185	0.0412362
187	0.040051
189	0.0389328
190	0.0387302
192	0.0381142
194	0.037465
196	0.0372369
198	0.0362853
200	0.0360885
202	0.0355591
204	0.0346048
206	0.0333745
208	0.0322353
210	0.0305639
213	0.0290667
215	0.0283663
217	0.0274284
219	0.0268714
221	0.0264144
223	0.0260385
226	0.0255786
227	0.0260824
229	0.0273366
232	0.0276167
235	0.0269235
237	0.0266533
238	0.026709
241	0.0267896
244	0.0257763
247	0.0247164
248	0.0248937
252	0.0245264
253	0.0247012
257	0.0220896
258	0.0222753
261	0.0222924
264	0.0222485
267	0.0227808
270	0.0208415
273	0.0200819
275	0.0192719
278	0.0187948
281	0.0186574
284	0.0166635
287	0.0162059
289	0.016562
290	0.0165494
293	0.0181749
296	0.0184211
301	0.0163162
304	0.010989
307	0.0104317
309	0.00987965
314	0.00766079
317	0.00693333
318	0.00692841
321	0.00796319
325	0.00915171
327	0.0093195
332	0.00994244
334	0.0109622
337	0.0124913
343	0.013609
344	0.0134251
347	0.0282448
351	0.0294807
357	0.0319217
360	0.0318788
364	0.0317331
368	0.0314842
371	0.0314355
375	0.0312039
379	0.0308714
383	0.0307595
386	0.0306645
389	0.030619
393	0.0305949
396	0.0306847
399	0.0307963
403	0.0310544
408	0.0311821
411	0.0311822
415	0.0312983
420	0.0314693
425	0.0319969
431	0.0329411
434	0.0328874
437	0.034337
444	0.0354668
448	0.0339169
452	0.0333717
458	0.0325215
460	0.0318302
467	0.0277134
470	0.0256925
473	0.0272163
481	0.0249424
486	0.0221607
490	0.0181462
492	0.0171216
501	0.0161762
505	0.0123122
511	0.0102877
516	0.00849217
521	0.00652482
526	0.00565398
532	0.00422178
533	0.00459102
542	0.00370851
543	0.00370782
549	0.0109224
556	0.0136214
561	0.0137011
567	0.0138485
572	0.0138206
580	0.0139457
586	0.0138963
592	0.0138051
594	0.0139226
601	0.0145312
606	0.0146516
613	0.01499
623	0.0151258
629	0.0145095
636	0.0136748
642	0.0129342
649	0.0121556
655	0.0107962
662	0.00926453
668	0.00804105
670	0.00743341
676	0.00883589
683	0.0108842
690	0.0134095
697	0.015215
704	0.0159796
717	0.0149815
724	0.0107408
731	0.0082411
738	0.00683543
746	0.00147663
747	0.00150898
754	0.00228544
762	0.00339894
769	0.00454068
777	0.00586965
785	0.0066893
793	0.00750167
801	0.00871831
809	0.0100573
817	0.0116183
825	0.0128928
839	0.0128997
848	0.0116921
857	0.0103695
865	0.00937519
875	0.00745546
883	0.00669451
892	0.0056994
901	0.00549358
904	0.00549257
918	0.0053747
923	0.00523783
938	0.00509996
947	0.00480159
957	0.00375277
966	0.00317728
976	0.00302469
986	0.00291703
987	0.0027964
1000	0.0028989
1012	0.00271417
1024	0.00221557
1029	0.0022293
1037	0.0023464
1057	0.00169628
1063	0.00127877
1068	0.00167863
1079	0.00261035
1090	0.00457013
1101	0.00600125
1112	0.00682113
1123	0.00861561
1134	0.0107857
1150	0.0114811
1167	0.0112499
1179	0.0105503
1191	0.00972249
1203	0.00862526
1215	0.00780211
1226	0.00727546
1237	0.00714126
1241	0.00693318
1254	0.00728286
1277	0.005323
1285	0.00485506
1296	0.00459514
1315	0.00455155
1324	0.00413557
1330	0.00434149
1343	0.00463707
1356	0.00514151
1370	0.00639199
1384	0.00749368
1397	0.00965151
1420	0.0111881
1430	0.011325
1449	0.0115639
1460	0.0117437
1477	0.0122018
1483	0.0124198
1498	0.0132282
1513	0.0156645
1528	0.0164948
1547	0.0173993
1559	0.0212225
1575	0.0234179
1590	0.0248219
1606	0.0271561
1623	0.0288264
1653	0.0284001
1670	0.0284415
1676	0.0279182
1688	0.0294637
1721	0.0291666
1738	0.0225768
1756	0.0123489
1773	0.00889724
1791	0.00865777
1809	0.00768132
1827	0.00534989
1845	0.00394274
1864	0.00317113
1865	0.00303587
1883	0.0035925
1902	0.0049486
1921	0.00663679
1940	0.00966607
1961	0.0140728
1979	0.0187222
2002	0.0193623
2019	0.0205542
2039	0.0227747
2060	0.0250326
2084	0.0260705
2103	0.0279734
2123	0.0287019
2152	0.0309298
2165	0.0315533
2186	0.0323541
2214	0.0328221
2246	0.032472
